#Single Sun
19 469 210 100000 5000000 5000000 5000000

#Pillar
0 0 0 100 1000 1000 1000
0 65 0 100 1000 1000 1000
0 46 0 100 1000 1000 1000
0 96 0 100 1000 1000 1000
0 32 0 100 1000 1000 1000
0 14 0 100 1000 1000 1000
0 80 0 100 1000 1000 1000

#Lanterns All
-1 23 -38 20 430 100 100
-21 23 -33 20 430 100 100
-26 23 -52 20 430 100 100
-6 23 -58 20 430 100 100
-2 33 -39 20 430 100 100
-20 33 -34 20 430 100 100
-25 33 -51 20 430 100 100
-7 33 -57 20 430 100 100
-2 43 -39 20 430 100 100
-20 43 -34 20 430 100 100
-25 43 -51 20 430 100 100
-7 43 -57 20 430 100 100
-6 47 -119 20 100 430 100
13.5 47 -123 20 100 430 100
8.5 47 -143 20 100 430 100
-9.5 47 -139 20 100 430 100
-5 56 -120 20 100 430 100
12.5 56 -124 20 100 430 100
7.5 56 -141 20 100 430 100
-9.5 56 -137.5 20 100 430 100
-5 66.5 -120 20 100 430 100
12.5 66.5 -124 20 100 430 100
7.5 66.5 -141 20 100 430 100
-9.5 66.5 -137.5 20 100 430 100
-3 74 -123 20 100 430 100
9 74 -126 20 100 430 100
6 74 -138 20 100 430 100
-6.5 74 -135.5 20 100 430 100
-3 82 -123 20 100 430 100
9 82 -126 20 100 430 100
6 82 -138 20 100 430 100
-6.5 82 -135.5 20 100 430 100
-71.5 93 -123 20 100 100 430
-83.5 93 -109 20 100 100 430
-97.5 93 -121.5 20 100 100 430
-85 93 -136 20 100 100 430
-71.5 103 -123 20 100 100 430
-83.5 103 -109 20 100 100 430
-97.5 103 -121.5 20 100 100 430
-85 103 -136 20 100 100 430
-71.5 114 -123 20 100 100 430
-83.5 114 -109 20 100 100 430
-97.5 114 -121.5 20 100 100 430
-85 114 -136 20 100 100 430

#400 random lights
170.79608 16.661476 -26.643677 128.40167 65.12527 654.69434 0
182.68329 28.787277 -137.01917 131.7882 555.7673 237.34612 0
-153.1318 34.636173 -305.11487 180.16873 595.96313 24.095327 0
-136.4594 9.796419 -353.07504 140.47989 0 168.02539 498.1231
237.40332 5.5183344 -152.5756 193.00162 33.82854 0 38.07218
-63.459213 34.37616 93.95697 183.107 427.07712 0 444.66348
173.33426 30.777252 -308.33203 157.17769 469.10645 376.85458 0
-213.21724 13.184723 85.16577 110.32317 258.5122 296.27176 0
39.20703 8.871441 -288.64536 103.95725 0 930.25507 133.94148
-75.63782 3.3342628 -192.48308 110.37025 106.91215 12.775305 0
-162.71355 21.641054 -230.2144 133.10507 449.6563 431.11646 0
195.99911 14.958855 -121.078 197.56401 130.06944 8.564192 0
-235.19199 39.87397 13.15448 146.74829 21.9499 0 20.308193
106.518524 -9.587339 -241.15253 177.61572 526.17346 0 486.02686
-254.69 3.964322 148.578 119.61238 292.9526 300.44717 0
-20.535614 2.583724 11.354279 130.46048 0 716.5417 659.79346
81.92505 38.30545 -268.61688 177.44623 293.07928 0 245.24011
-229.43315 23.746017 64.01294 150.10727 85.951706 0 225.71619
124.569916 9.670959 -195.38467 194.18387 359.9322 0 36.538277
142.83261 3.687584 -353.45782 177.60019 542.2683 382.93274 0
39.305023 19.774496 -304.5785 181.60022 180.12364 441.1614 0
-46.96373 16.078325 -125.3096 187.21141 0 10.663764 531.5981
100.454895 -0.7096834 61.19937 164.92242 134.02394 0 310.37958
-216.6741 14.123646 -275.7808 142.57544 0 181.2385 343.99075
216.05322 -2.9569693 -136.60526 160.70943 148.39722 0 156.04628
-43.01584 4.1279697 -304.0318 133.72455 5.4222264 265.32657 0
231.94781 -3.223834 -357.3186 139.02399 166.50555 178.88237 0
-211.94077 27.00032 -283.9107 128.41078 489.30212 53.27022 0
-88.772736 35.244934 -148.18365 159.11833 0 34.438362 71.94854
65.33618 38.17047 -220.56374 173.63907 90.17567 0 188.80112
199.32153 33.53253 110.92294 187.96786 0 863.00024 267.1899
206.07114 19.832935 89.16815 139.2636 737.932 0 218.08199
26.282654 1.1116676 112.14978 181.3848 192.02162 0 122.36449
-288.27563 27.65783 -358.36322 127.61154 83.7415 0 49.934547
281.36237 19.572424 -145.38138 194.11618 0 339.63504 642.7111
164.89755 38.405685 -360.29523 157.37817 0 684.7079 866.5008
59.70453 27.683083 -201.99918 113.856346 24.220898 0 6.539919
2.235382 29.0374 -138.9884 122.33824 0 491.68942 583.03644
37.93982 -0.62224007 79.03644 129.54085 527.4196 0 712.87506
-200.61127 1.407629 -91.5311 173.18274 216.37724 275.90146 0
-41.71231 15.5668335 -217.84479 104.29008 390.50043 0 26.72062
234.96863 0.35689163 -170.27612 198.5268 297.99146 237.81714 0
-1.3038635 15.628557 -9.492767 157.47537 253.76291 866.323 0
194.66159 14.613756 -332.99612 183.0734 112.41967 0 175.90399
212.57587 25.615635 125.13226 120.1931 4.659088 0 16.985191
211.85626 30.248886 44.984375 177.80774 321.90283 0 436.90176
-269.41565 -6.7681675 -374.1443 141.42259 0 971.05084 479.43167
-38.471283 19.206062 -260.6941 178.87778 765.80963 0 531.2197
152.65488 28.379433 -107.453064 182.13351 0 878.0145 541.9182
-232.45535 32.725597 71.2522 189.91309 0 12.904657 5.662331
65.81378 -6.3718834 -284.78632 103.938416 0 451.72806 351.68607
-60.50528 8.641048 -189.03534 104.018105 237.69852 571.9876 0
217.49316 1.5243826 -36.92935 105.32064 0 998.6907 807.3429
-280.32584 29.344471 -291.84705 101.15487 592.92725 0 237.26369
-34.12961 29.286457 13.999115 131.1322 159.96815 22.388311 0
-226.9194 32.008007 -275.393 178.0288 599.0846 0 986.891
223.7486 24.03418 27.925995 150.1203 700.1609 769.7195 0
-236.66508 -9.662718 -235.15099 108.453705 0 11.535212 19.42636
76.12421 9.426519 50.148804 140.22507 0 60.079327 961.1739
-203.10114 16.80003 27.78952 143.08054 3.0201206 1.1569172 0
166.70679 30.550987 -379.52234 126.654495 0 245.32213 154.23386
158.33542 23.525455 -255.87494 174.97365 862.4013 693.8592 0
168.23526 36.506973 -241.4558 109.136406 0 337.20615 104.10554
147.12653 15.850874 -209.74773 187.65765 29.03341 0 113.30516
56.805695 -2.6267414 3.7451172 105.9723 2.2153287 96.286194 0
277.03558 1.0912857 -152.51627 121.574554 75.73737 341.88065 0
-294.5474 26.992443 78.26169 101.15777 608.3493 564.9815 0
36.354248 7.5536995 -154.73676 140.46036 663.9547 885.6626 0
-249.35822 12.332304 75.424866 188.55112 0 355.6596 353.03748
-16.167664 25.094578 -2.0236816 146.763 0 435.1069 566.2859
118.03235 33.35179 47.625122 127.93876 75.733154 0 85.03426
200.71927 3.7892962 20.117767 174.07108 0 781.5346 456.55252
-282.20422 31.179188 -369.39807 190.45505 0 715.859 78.444885
252.60791 24.199875 -356.1543 139.62137 0 84.92817 57.566658
223.38141 36.512306 -216.7044 109.72618 7.490082 11.089517 0
-192.73764 25.372429 141.33582 193.66089 215.48207 239.83223 0
-16.60727 17.47193 -145.16669 194.32771 495.84885 233.54507 0
-82.007355 6.8923206 52.45804 197.59596 0 182.16081 175.93523
37.091156 28.972519 -198.29684 141.60638 372.79767 0 316.83658
131.88614 -0.65244484 30.678375 175.51768 460.6637 219.48062 0
-101.14513 27.641422 -203.21216 198.79782 61.890453 0 535.18756
204.26324 39.733047 -332.02197 144.31284 0 17.199232 27.85523
97.032196 -3.1687026 -288.09155 112.40095 0 52.116226 178.94365
-264.92624 38.1976 -72.60959 142.46643 69.8241 884.0321 0
-45.840363 31.862865 -397.78824 171.42862 0 82.06854 619.1783
272.14185 37.50279 62.003967 121.57136 0 74.95916 85.608734
13.312347 -0.45470047 141.38165 113.26543 19.519716 159.55307 0
-271.01636 13.940014 -75.13315 107.13005 150.54507 0 112.948074
59.399292 8.543411 83.84836 102.38135 0 445.98843 130.91449
-285.93442 16.721079 -365.71307 173.7327 173.8537 198.00569 0
-204.57666 6.0871563 108.388885 104.226616 895.4294 347.63776 0
71.59604 1.1822128 -60.55307 122.02774 75.84443 121.47929 0
105.78339 13.945288 111.49124 174.62 917.22565 0 138.82431
74.9014 26.99601 3.326233 172.00304 64.322754 0 92.71361
247.21692 -8.881716 112.79138 115.6484 0 211.42043 189.2858
251.82129 1.7609768 -163.49449 180.67525 0 542.0455 350.34354
289.99524 17.501514 -110.85315 155.2243 176.12184 0 68.60645
-232.87657 38.563377 -88.89603 113.53994 47.61715 8.522171 0
226.93884 15.084993 -10.015625 104.78081 158.18744 680.80835 0
-260.73016 -7.2198873 -391.22543 162.67685 622.3773 77.53534 0
-239.34508 26.605778 -363.23694 100.04129 0 180.86995 141.80461
44.41208 17.266603 -173.03369 140.249 0 85.59276 380.017
-8.3284 -3.8725471 -108.03589 181.01242 44.063526 106.86238 0
-14.984802 -4.545832 -193.67253 152.13353 0 377.62863 601.3231
-133.07199 -3.9519644 -345.93134 161.47705 991.05994 803.3826 0
230.11475 19.341354 97.26663 156.08218 415.41928 0 133.34825
-140.57864 17.931028 -334.13693 190.39565 899.73346 0 858.2899
48.6633 16.433832 64.49121 130.25403 425.5297 634.9876 0
288.98486 21.388027 -111.803314 195.78223 146.58014 0 150.19693
24.891174 -6.9183207 -331.7033 154.7111 365.87717 54.770958 0
96.3139 35.67979 148.52728 142.27356 0 423.1197 270.25885
-254.27466 6.4062347 -164.74084 170.733 0 8.0387745 42.982174
-1.1844482 15.21953 -324.97916 148.13306 7.99842 3.999003 0
132.20447 8.5644 -389.05243 144.95346 0 801.9151 769.0835
135.16876 16.36936 6.742676 190.80438 411.724 83.972946 0
-21.68811 28.092125 -276.60706 165.19165 0 988.4264 231.54083
142.48041 -9.911052 -367.29797 147.71893 0 58.89338 425.8799
-182.11296 2.987465 -125.14914 199.6999 263.64725 0 351.24738
43.73288 34.261635 -258.3117 177.97923 770.195 0 452.33575
-81.195114 0.037979126 -132.99725 181.07993 716.9366 936.71295 0
-228.15132 20.12453 -297.41748 112.17958 700.67505 133.02464 0
-143.9764 -2.7326622 25.275513 138.67288 35.19011 203.4635 0
-170.80492 -1.4035378 -204.7775 126.017235 17.447859 163.29898 0
-228.54822 14.783382 84.696655 196.3529 38.562 0 688.7333
37.836548 25.758877 -26.695251 189.45279 125.33952 0 138.99828
222.64862 22.755886 126.84357 162.88477 163.00688 407.92377 0
175.87598 16.928955 -202.3746 130.5599 440.93616 459.56738 0
38.40088 15.939346 139.65454 169.21324 0 128.84183 184.33191
-3.7487183 -7.4439116 15.330719 131.64664 0 415.61133 311.21255
164.60446 -9.51095 -5.78537 106.4208 339.14334 228.19637 0
-277.7733 8.102476 20.68695 152.78976 286.6512 0 239.69945
-287.93677 35.89561 -314.60388 115.79358 810.2609 918.33936 0
-162.07236 30.149529 32.32782 119.84509 0 969.88696 149.44496
-17.361511 17.963844 138.56702 166.86841 461.11777 94.37981 0
19.225372 34.236137 124.35797 120.22179 102.46002 906.6414 0
-240.07007 35.58436 135.31696 167.09338 210.29874 28.083 0
42.16284 28.734753 -204.76979 154.75906 819.0656 0 797.5133
-129.11946 34.31879 3.5046997 115.34203 216.30301 0 437.3968
-205.4008 5.515995 -75.5394 106.009895 181.04727 106.31224 0
-71.209366 5.977064 -61.704437 181.97888 223.1318 386.02872 0
-77.063126 22.737736 -358.3222 112.974884 308.8813 0 98.869316
194.09753 -5.048389 -112.47833 159.8878 0 118.08471 403.7989
-4.1693726 5.6818027 -141.12827 140.39049 95.47903 91.1159 0
227.94928 15.274595 -281.0833 141.59738 0 131.08994 29.856085
179.45831 1.3448734 -354.60724 100.83342 39.908417 163.08011 0
-258.4123 4.040843 -323.98083 115.684074 0 726.91846 791.5965
235.72504 14.178215 90.073975 155.11797 151.60301 334.0375 0
228.13416 36.85872 -291.79764 146.94812 0 88.67628 537.74524
101.661285 27.703987 -178.18274 158.52483 390.92154 561.24976 0
-127.761246 19.97888 -195.88031 103.01845 180.4236 0 593.5585
-27.495361 25.630672 -186.0973 137.81537 0 567.69434 932.9457
120.90747 31.168652 -276.1156 153.17487 520.2916 0 15.191315
275.1441 34.474052 -183.07616 167.66322 48.964046 0 241.00455
52.901306 8.271027 27.018188 121.50949 148.47296 0 451.13916
141.85959 11.74362 -4.64859 118.169266 0 137.09358 182.95033
277.0268 -8.260638 -367.47577 164.54712 560.39746 806.8644 0
266.21716 -4.9500203 86.93115 167.17004 0 694.9263 854.5872
-84.01274 39.25884 -364.47916 122.087875 0 43.742596 89.6212
-38.64969 15.47263 -118.65857 129.46808 88.3398 0 143.2115
126.57767 12.071791 -309.502 189.64545 0 115.12788 102.10699
88.74051 0.71059704 6.3016357 115.79846 260.94135 37.176033 0
256.5307 24.070873 -76.19153 166.98106 0 826.7594 683.5813
-243.99081 -2.228797 -250.75404 163.26715 4.9193726 0 7.5968037
-144.09723 0.3792305 51.624054 191.43423 0 256.8136 250.05194
-236.12837 26.665447 -291.63446 187.44147 51.166035 0 426.08603
202.12 13.878351 -18.996918 102.35828 0 546.6875 230.00151
41.900574 35.921455 -165.88545 132.52878 226.33727 0 82.03889
-208.86652 30.258698 -47.357635 180.56844 840.24445 0 753.00037
67.46234 0.49853897 -348.90396 180.02148 0 200.59673 359.64227
-0.012481689 -9.511674 -118.623566 182.49814 262.61008 171.3584 0
-53.868378 31.452644 91.51129 150.36716 0 154.01025 65.531715
-103.0107 4.1075935 -294.5429 118.21666 0 214.12738 307.18555
212.56512 14.950541 -168.07188 161.41534 146.39337 0 930.3195
271.40137 30.461739 -130.17545 167.25867 0 644.5516 718.0904
260.91736 35.17617 91.02954 180.5935 7.2359967 98.83923 0
13.525024 -2.3832626 -105.96747 110.99923 402.3837 0 384.35565
6.5830383 36.077072 -250.93015 119.58166 14.849169 0 56.83197
-77.78229 28.01215 25.489044 104.552635 0 946.27826 605.18884
183.40427 -5.7110586 -274.5495 146.34949 67.92326 0 50.324963
-281.1421 29.536953 -366.32767 115.507576 126.77494 0 945.27893
-112.610855 10.728802 -57.14206 157.6334 1.5647564 0 109.64389
-208.42117 8.930929 -194.4903 177.23619 302.50134 204.07138 0
193.98651 31.030441 -151.25807 194.60544 245.4965 0 439.7778
-120.64906 -4.0790563 -185.33698 150.00754 194.18236 0 294.40762
30.82785 9.790087 -21.763245 143.52313 0 99.95687 771.5444
133.13165 8.4216385 -363.48367 105.53346 0 664.53827 660.7217
177.68085 22.571331 -349.53308 190.1352 697.0815 0 775.2648
-143.9458 26.771793 78.66214 134.41025 178.98853 0 395.7534
-190.90668 -0.94095516 82.03461 116.37359 174.37656 50.480476 0
-270.23273 -3.5019226 60.91916 177.60556 0 527.41064 548.6838
-85.43326 35.269505 -174.00732 183.164 181.44238 307.71185 0
-128.91156 6.1959915 -361.93347 101.92069 466.614 0 24.331144
-231.30522 22.005516 -393.9696 128.52696 945.4917 0 793.83264
84.592804 7.52775 -287.14124 126.939995 51.99815 50.23109 0
112.76108 14.7842045 -208.60574 121.43368 191.83568 0 631.5052
215.68964 34.17671 -144.4611 150.96933 60.74232 0 688.4421
230.00421 29.802715 64.757385 177.60104 71.45976 0 478.15222
192.84485 14.075911 -44.619446 114.24444 0 808.9061 542.3265
10.970062 6.538452 83.83386 193.29774 414.06143 0 109.38347
-184.2197 34.421776 -366.2536 188.40488 0 596.3754 316.9089
-14.791473 -8.0041685 -280.15085 164.44792 98.604576 0 267.80493
189.50513 29.833382 96.63977 149.78026 213.29959 0 181.34114
-293.92764 36.275284 -43.254547 139.56702 0 914.7361 66.58988
-243.81036 32.583645 68.50348 105.441475 262.18958 196.60121 0
-147.63957 19.382116 98.04739 126.09718 97.42557 0 200.87404
37.496185 34.744537 -248.44566 103.975464 322.29614 0 68.59231
91.40613 15.775513 -27.580078 195.02676 849.4819 0 3.0926676
280.25183 33.190186 -264.3559 166.61853 0 640.9342 894.1099
200.58789 6.6778355 -23.023895 107.215256 64.65579 0 48.200928
184.14545 23.112888 60.037292 125.84166 0 490.04272 995.07983
-122.25955 37.342094 -237.33987 107.381836 0 551.26483 758.81696
42.950653 -9.1951885 -180.78925 172.34009 0 80.66018 73.10979
27.911072 36.2677 42.5242 199.4084 0 328.36533 55.807804
-250.3579 26.824928 -148.82173 142.21912 229.5291 0 73.45428
183.1818 0.42276 -199.53157 130.15074 0 585.52264 345.12354
64.41327 0.4138136 103.80289 111.5756 0 524.3587 135.1476
165.40945 6.2185764 -150.30788 139.4511 0 965.9623 138.66035
-54.11194 4.5480785 -26.431702 113.12389 421.40878 0 293.5891
262.1477 -3.708706 -371.8915 194.63422 26.20156 0 25.721794
-80.05177 14.966801 139.00543 142.5943 377.30408 0 332.8948
190.32849 13.790819 -365.6558 179.59006 787.55597 178.56424 0
5.4627686 4.885974 -261.51764 192.08728 331.413 0 22.909456
253.50433 37.852314 -195.4285 161.32443 376.47763 0 825.3424
-26.244202 -7.3566146 83.33481 117.71118 0 18.344177 6.962191
205.82214 11.231096 29.760376 184.6996 368.10968 803.7119 0
98.06293 15.695026 -348.26672 142.71114 880.62317 0 562.15
203.52972 -9.720251 -224.42804 114.13139 0 251.0852 498.07376
45.77368 3.6851196 60.76599 152.30536 711.28015 285.469 0
-197.34772 -3.9943972 -381.71222 152.98022 223.31398 661.2668 0
30.687164 3.1673155 -44.194183 119.21894 26.542505 0 97.32057
180.59613 -8.840398 124.07947 193.93521 155.17276 0 284.1059
-132.11658 13.769974 31.139832 186.3916 613.1018 602.40454 0
-224.31934 2.4798183 -5.0059204 154.70451 866.4285 0 455.32
-280.47394 25.920876 7.7063293 133.92729 0 79.52846 928.8261
-149.66742 14.353134 -321.45288 176.95848 480.18512 0 722.5622
-161.06718 37.37235 -233.78134 162.61813 0 456.81406 238.6919
276.33673 11.488375 -307.2545 179.50146 0 718.0124 33.710926
-12.744141 5.3452845 -257.60406 160.42549 377.39957 0 960.7177
234.52136 -3.7134924 -138.0122 139.97958 0 340.27798 379.3882
116.32391 33.455418 -157.96129 118.14039 230.63327 0 253.03508
27.01587 7.0916386 -304.88037 160.69698 583.884 0 279.96002
-111.82126 30.742664 -375.07965 188.88489 446.5865 616.01404 0
55.470978 16.781776 -32.100525 162.96178 696.4267 0 358.90607
117.089874 23.042717 -288.52332 119.81436 759.8085 743.7586 0
243.45789 22.60315 -59.46335 170.43774 589.3354 74.02958 0
211.0982 30.348701 62.565094 171.75912 48.30916 27.196793 0
270.88074 23.402893 -17.11438 199.82213 102.972404 47.26426 0
-213.001 31.061695 -24.277405 111.217155 425.63177 0 650.642
-36.96872 38.566048 -201.6608 119.10246 51.32341 0 247.75339
-79.48509 -2.7297473 -258.9647 116.597466 0 260.85135 139.05075
-128.9796 -4.61644 -99.23096 159.23317 0 161.15034 64.0092
10.04895 -3.3592854 120.17651 123.24037 266.14346 0 242.99167
-27.771545 -4.789031 41.777405 150.20253 382.9577 246.19794 0
-177.20847 20.532381 56.69464 117.95434 0 697.19666 543.9803
-110.04692 13.278528 42.64569 194.76913 449.63647 0 355.83755
-8.077148 30.325619 -109.72363 110.990234 185.32005 0 306.59952
232.1712 30.66074 -5.72406 122.79108 778.9948 682.6754 0
245.0177 7.505947 -171.25035 190.6058 13.123405 0 7.4453063
29.574005 -8.56984 69.36783 116.83844 45.349857 993.8714 0
-112.06462 -0.86398506 -133.1688 107.95416 745.5681 0 542.14233
23.894684 12.620567 80.25485 168.82382 47.782078 0.7255138 0
-219.00604 -3.5505538 -361.71625 142.46866 774.133 904.66833 0
-84.16899 -0.32283974 -16.899841 155.98352 0 640.4733 795.95966
-8.793091 23.959309 -354.125 140.82205 195.72844 87.977196 0
45.99231 15.524353 -13.531738 139.71594 856.5385 0 716.13885
-50.517654 13.192751 -153.00993 198.85658 0 463.31863 824.08905
-253.75922 15.100199 -126.37274 179.27701 417.53867 0 174.11972
-72.549225 29.672604 104.05496 132.93558 496.69864 0 599.2777
-126.505066 8.397102 -95.00241 155.54442 12.24961 0 20.11795
169.7138 39.222443 -46.996796 125.99368 803.8796 581.6662 0
-89.975784 21.497734 -263.07184 120.5571 802.3714 0 131.18262
251.9613 12.67408 -172.18042 124.73177 900.65985 152.70876 0
27.533875 -1.218463 -307.12302 178.02673 656.2812 945.32294 0
-49.508224 5.961546 3.927246 101.94938 727.6681 678.91064 0
-28.334717 1.9401989 -362.10538 167.91106 57.085243 83.089485 0
254.78748 32.061024 17.220154 157.06757 0 18.68057 294.9589
-110.13541 12.7619915 -390.59906 104.55941 0 2.0827026 31.522287
26.711792 39.338978 -107.12839 190.34691 2.1028504 0 60.53032
-190.80692 39.1094 -158.57848 156.40536 334.58157 18.403883 0
-119.987854 30.724216 -324.08688 115.710175 93.69518 856.36816 0
86.9379 23.035042 -128.87079 190.91809 0 6.410315 11.5865
195.91333 -5.976761 -294.34503 180.4778 268.3473 0 819.9986
-79.63199 -1.1350336 -195.7953 165.24173 283.41974 30.34652 0
252.018 37.922543 -192.34526 184.39526 0 492.70767 217.15779
-119.61044 -2.8291173 -16.145233 153.72328 245.82874 0 705.3663
281.37537 6.7060947 36.783844 187.77771 316.77463 0 28.783619
282.12744 -0.5458813 -138.29233 167.4415 364.4979 426.15897 0
-1.8146362 -5.587969 -146.2116 132.36858 0 151.30386 168.22041
-200.36563 22.691051 142.20319 123.3734 851.22076 0 966.50433
-276.03546 31.721313 -276.39383 129.891 0 329.65445 353.2703
-24.189056 22.354485 125.87341 138.87251 0 600.54004 213.30054
171.03741 -2.7651138 -325.30847 158.59291 436.01807 0 191.78955
38.216125 14.053822 -76.5524 111.23457 772.0664 578.04114 0
220.5899 37.139442 -249.3694 151.37787 35.497864 81.013695 0
-78.7052 14.62775 -157.00337 143.27351 410.67236 0 770.7791
100.08255 -4.0669923 -260.98035 144.56535 7.557991 0 447.54507
-147.07022 12.743856 135.98566 192.21725 304.46286 93.45581 0
-81.25348 -3.8714595 -246.00124 133.97366 0 78.93641 31.553003
-106.9155 -1.718668 19.286499 170.73581 864.34503 0 762.9771
221.4176 9.358582 89.713715 119.398575 801.121 472.713 0
-85.45296 3.0242052 -206.9993 127.43758 177.52165 439.18826 0
-101.036575 28.002586 -266.41653 154.41714 0 111.43566 104.57436
-207.44514 23.839859 46.34897 101.75596 0 89.5517 167.20392
134.53119 13.680746 -245.44267 140.6783 578.80597 0 216.03767
-275.00922 10.259151 -111.20743 169.74725 45.345856 0 28.520151
161.96725 29.408714 -190.37265 145.00072 674.0233 0 34.992676
-182.21118 -0.18213749 147.13843 147.17018 574.6053 0 473.07083
115.61868 9.688225 -345.53198 196.55116 0 633.48975 703.6278
-67.748856 3.0755367 -311.58917 121.51364 587.6186 0 736.06915
43.004364 -1.8806438 -88.65967 131.6867 0 554.4947 49.918488
-256.48474 19.306599 -304.90796 151.97993 670.5035 0 546.6033
-44.442307 26.850513 147.49463 131.48317 0 858.48663 621.6131
-137.84032 24.355362 -16.890778 140.00153 0 50.999355 30.252184
185.5148 13.40452 48.7912 148.98953 633.54333 0 958.76935
233.89001 8.481388 63.33972 133.8749 81.60953 135.44931 0
-46.505127 20.152512 -214.98955 120.44355 0 33.58787 89.47743
-102.99649 -1.684762 -63.78311 118.13049 278.3058 0 213.543
-128.51677 3.498458 -175.99507 111.8425 792.177 361.5598 0
34.74701 -2.6442118 4.97348 126.70218 364.56534 0 822.108
127.02161 -2.506462 -118.621735 133.07234 236.15831 0 958.2553
216.8042 2.302187 -42.633484 158.59329 148.25218 496.5907 0
-187.30759 7.9987545 -397.98306 172.73819 600.55615 694.85406 0
-265.65375 12.388088 -50.489136 165.22496 821.70905 0 572.67834
216.90265 5.711132 120.458496 121.8437 24.004667 0 303.3439
83.88068 28.858833 -360.30484 105.62533 144.06448 0 278.09775
164.92886 19.827175 27.332031 153.22575 328.50864 0 152.10272
-186.49905 25.434418 -266.19272 186.83252 0 287.53494 491.587
-30.852905 17.205103 -374.08667 126.29167 0 277.9567 351.67062
169.05405 23.510822 -333.6912 130.85071 214.53159 682.9799 0
-231.65137 36.82086 117.1615 133.5507 128.111 0 236.31442
114.927 35.1596 96.99808 199.59985 436.97626 290.60986 0
-273.80988 -1.8799162 39.587463 171.46796 695.275 0 619.525
-164.4164 26.243004 49.489716 128.76129 52.656414 0 55.648815
-128.28232 -1.7014065 -124.07129 184.14969 625.00073 0 156.57146
136.46265 28.819084 -39.454834 124.976776 0 16.04927 52.72342
229.1731 26.057667 -253.12964 175.21384 0 556.626 480.33884
233.47083 -7.0995994 66.05997 124.17295 470.47772 459.34412 0
118.164154 8.76634 -66.81006 171.80917 49.39003 0 45.301456
211.58194 -1.7499485 -45.783386 103.54812 236.964 27.883286 0
-272.3389 36.563713 -39.771698 135.1127 184.85323 343.7658 0
-6.2862244 39.77945 -140.10086 164.85516 343.7475 0 472.0114
187.2528 33.86199 126.90747 196.9237 680.27216 0 956.66547
174.93314 27.377853 -61.85898 172.578 707.5482 0 774.706
31.590881 31.95782 103.35654 180.801 0 33.928204 538.75116
219.70819 35.251316 -27.383606 171.66359 0 59.752823 681.9577
-195.74677 35.13827 133.45905 148.70999 329.27954 51.501545 0
251.41504 39.176304 70.772766 126.39955 0 78.472336 526.3612
-133.03323 -1.4353313 -151.70828 123.747955 0 577.303 189.79366
66.25186 22.52349 104.57883 195.15402 75.6186 0 982.137
-118.47597 0.93421555 95.111755 159.00558 176.41719 0 148.36443
-276.30923 37.5224 -399.37927 152.4047 368.92108 0 437.3634
104.59491 -4.576949 -43.069427 126.87921 342.2111 0 290.98596
-113.88037 10.299429 -27.644196 112.85271 414.20456 402.4184 0
-267.84308 35.51668 -93.94589 128.89862 439.84607 577.0547 0
266.7151 -6.258253 -25.26297 117.655174 772.7673 34.012836 0
177.61124 33.81668 -360.49106 139.17271 466.85477 502.25284 0
195.44553 29.806156 -388.51718 187.0593 216.62444 0 360.5139
-15.017487 1.869976 -115.30966 181.39899 904.3675 0 555.67566
150.75357 2.4903564 42.041992 178.78342 289.92978 0 455.3696
-271.27264 31.600285 -60.535675 159.66977 871.1836 0 224.05576
82.9509 4.682108 -349.19022 157.67032 112.78995 0 731.6533
-278.08423 11.226955 -32.733307 119.34767 429.14618 421.7822 0
185.77008 1.4538488 -99.11197 168.63788 0 306.7313 509.4034
87.53198 12.870087 -241.7708 194.5254 734.98584 0 80.27377
-199.26308 -6.2926836 71.54309 162.41452 0 523.62054 442.03455
-31.382568 24.970112 -192.80577 116.57234 0 29.985033 423.7682
-24.489899 13.360676 -364.7417 138.11142 648.87177 190.33237 0
221.40216 -3.929699 -351.17136 198.93497 312.51782 0 600.82446
147.31293 12.440226 -49.570618 158.51251 74.092445 98.940506 0
-129.26329 29.325932 -77.23535 171.60207 100.80498 231.49474 0
243.2879 39.405697 -287.43524 199.07938 232.55206 176.59427 0
-100.559326 33.316578 -47.724365 138.36081 733.9555 569.6948 0
-50.727203 23.74696 -10.898743 101.172844 334.75067 0 321.37167
13.702362 34.839397 -294.38644 145.96965 669.77234 2.419485 0
44.33545 14.738541 -148.26453 106.27696 405.26865 632.8605 0
253.07446 -4.2166386 -319.18488 167.34964 0 544.1955 238.37708
182.32333 30.155201 91.5748 175.4064 424.23596 0 158.23602
-107.05255 -8.509571 -49.962982 113.6215 0 787.3129 510.0564
67.37793 10.272249 -295.07632 106.92973 59.77751 58.392433 0
243.95996 -2.1266975 -201.31763 166.65674 471.46472 72.16614 0
205.25821 8.811136 -149.58594 166.36865 20.080757 8.783359 0
39.774536 21.280195 -46.09854 123.48139 0 408.58328 13.426161
33.115845 11.793112 -387.5088 121.06558 297.147 0 392.0935
-113.42406 -5.642936 -340.0482 119.403305 0 427.33344 387.01233
-78.30989 26.789783 89.781555 194.83908 274.73874 0 187.7493
160.10992 -1.8757801 -284.1837 173.63828 76.564026 0 26.15653
50.546417 -4.4000006 -10.245972 118.70888 198.44148 236.19481 0
78.568726 25.521053 -72.048065 156.9022 132.28549 0 68.807884
-272.629 27.739853 -139.94156 165.85089 1.06147 0 860.48083
-258.17896 -3.0591106 146.64203 128.39398 678.2625 0 236.92868
75.68277 13.097017 -197.3408 120.87651 0 36.25217 89.27525
-63.07193 5.0953445 -7.4805603 113.26841 298.3249 0 139.69725
66.45172 8.082449 -207.8665 103.818405 161.19821 95.170265 0
189.49979 -4.5040464 -167.7692 173.09866 17.803143 0 227.601
278.2041 21.168282 -234.29901 165.6801 258.21658 0 610.0012
39.68817 7.1044674 -179.77129 145.82019 0 340.04166 47.057495
218.92029 7.6807365 -390.6188 175.91 582.29724 0 415.72842
136.5105 6.959814 54.43875 192.07016 584.22754 435.40204 0
-271.16016 26.063938 -72.575226 155.085 485.08954 401.9182 0
-283.49762 11.28937 -237.22508 178.47055 205.30333 0 4.239789
0 10 -15 100 10000 2000 2000

#Lanterns All Sun
-1 23 -38 20 430 100 100
-21 23 -33 20 430 100 100
-26 23 -52 20 430 100 100
-6 23 -58 20 430 100 100
-2 33 -39 20 430 100 100
-20 33 -34 20 430 100 100
-25 33 -51 20 430 100 100
-7 33 -57 20 430 100 100
-2 43 -39 20 430 100 100
-20 43 -34 20 430 100 100
-25 43 -51 20 430 100 100
-7 43 -57 20 430 100 100
-6 47 -119 20 100 430 100
13.5 47 -123 20 100 430 100
8.5 47 -143 20 100 430 100
-9.5 47 -139 20 100 430 100
-5 56 -120 20 100 430 100
12.5 56 -124 20 100 430 100
7.5 56 -141 20 100 430 100
-9.5 56 -137.5 20 100 430 100
-5 66.5 -120 20 100 430 100
12.5 66.5 -124 20 100 430 100
7.5 66.5 -141 20 100 430 100
-9.5 66.5 -137.5 20 100 430 100
-3 74 -123 20 100 430 100
9 74 -126 20 100 430 100
6 74 -138 20 100 430 100
-6.5 74 -135.5 20 100 430 100
-3 82 -123 20 100 430 100
9 82 -126 20 100 430 100
6 82 -138 20 100 430 100
-6.5 82 -135.5 20 100 430 100
-71.5 93 -123 20 100 100 430
-83.5 93 -109 20 100 100 430
-97.5 93 -121.5 20 100 100 430
-85 93 -136 20 100 100 430
-71.5 103 -123 20 100 100 430
-83.5 103 -109 20 100 100 430
-97.5 103 -121.5 20 100 100 430
-85 103 -136 20 100 100 430
-71.5 114 -123 20 100 100 430
-83.5 114 -109 20 100 100 430
-97.5 114 -121.5 20 100 100 430
-85 114 -136 20 100 100 430
19 469 210 100000 1000000 1000000 1000000

